11101100010111010111001110110010110100000010010010010000111101001110100010100110111010010100010110001110001000011010010100101100
10110010000011111001010001100010110101011000111111111111100100110101011010110011010100111001101111000000101111001101011111111000
10001000001110010110000010111101011110110011011111000000011101001100001110000001111011100010001010001010010100001001101111010001
01111011010010000001111111011000001001010010111000111010111000110000011010101110110011011110100001000011011010001000011001100100
10010011100010100100000010011010101001100101110100000100111111101010000110110111011101000111110011010010010011100000000001011001
01111110111000011001000110111100010110001110000101100001010001001010001100111001001011110010001110000000100000101110011001011010
00111101001001011100010000000000010011111001100000001010101000011011101011100001011010011010100101011110010010001100010010001000
10010000000010011101001111011101011001111111111000000011100111010101100101111111001100000010001010001000000001000010111110100011
00011010011011111000100110001011010001101010000101000011110110010000100100010110010000001000101100110111010010110100000001110101
10001110001101111111101010110001110100000001100000110100100001010111001011001111000100111000100111010110011001110110100010101110
01010000100010101001111011010001000000010101010001111101011111000001101011101010000101100110001000101110000111101001000010011010
00000100010011101110000111011110000100011100111111000000110100100100011101000100100010010011100000010011001100001001111011111001
11110111010000011110010000010000011111001110111100111111000110000110101110010111111100101001111000010000101001111110101100110110
11011110010010110001101111101001110101011000000101001001101001011000100001000101000100111111011101101010101100111000110100010000
11011110010100111100000111110010100101110110011000011101110010111000111101000101101001000010101001110110110010001011100000011000
11100100111100111100011111010101100011011000000001100010010110110110110011011111110010100001101001100111000110010000101010011111
00001000000101100001000010001010010000010010100001011001101101011101101101001111101100011011111011001101110110111010101111001001
10011010100011101010010111001100000110111111010010110010011010001110111000100011111100101011010101110110011110000001111101110010
11100100001010110100110011100101101010001111101101101000011101111110101100010010000011001111011101101000000110110110001110001001
10011011011111000100110001110011110000011000100100011001111111101000001110100110011111010000110010111100000000000111001011000011
00010100111101100100100110000000010100001000100010010100010111011010101010111011100101001000010011110100001001010000011100101101
00011010111000001010011000110111010011111001100010001101001110011110111011100110001011100001001000000000111110101110001110110001
01100001110110010111011111000101111010011101000111010101110011100101110101001111000010000101101100001111100101101011001000011111
10010111010010000100101111100110011001011111001011111100101011111111110010110011011001011111010011101101110011010011100101001101
11010101110000011111010010001100110000001001110111011100010000100001111001011010000011001110100010111000101011001100111000110101
00000000001111100011110100011001010000010110011010111000010101101001001110110111001001110000010000011110000100111111010001101110
00011000010000000011010101010111110111011010111010000011000000110110001000000111100111010000110110010000001111100011101000000100
11111111001001111001000110001101101010011000010000101011000001111011000000111011001111111001101000011100100110000101111101000000
01101101010101101010011000100111111111010011110101111110101110000011111110000010000001110111101111110101011100110000010011111101
10101010101010010110001111110001000010101010101101011001011000111000110100100100000001011011101101101101011010010101101001011011
01101111011010011100000101100100100001000010010010101110001110011110111010100110101111001011111010111101110011110001000011000011
01101110111000000101110001011110101100010100000111101000100000001000010110001100010011101000001011111000111100100101100011000111
11011010010001110110011101110100011011110010010110011110100101011110011010000111011110101001010001010111111000001001100101111100
11011101001100101010101110110010100101100111110111100111000101001001000011110100100001011010001111011111000001011001101100100100
10101000001101000110000111011001101001011101000000100010101011011100010100111110000011110111001011101110001010001000011000000100
11011001010001100010110000101001010010100100011111100010111110010111001110110011011101010000011110001000011001111101110010101010
10111101111110001000000111010011010011001101111111110011001110010111100100011101001001011111100101101011101111011100110001100100
01011111111111111111001111111100111111001011010110101011110101000011100100101100011111011000010011110010101100010011110000111001
01111101110100101111110111110110011011111101110011011100111011000011001010110011111010111111000010101000010000110111111000000111
00110011001011000100000100011101001000111010100000101111111011001100000001000111111010010011110011000000011001111010110000111011
00010110101010100110001001101100111010011111101000011101000111101110000010110101111100011100100100001001111010010110110011101100
11011111100101100001110100111000100111000000100010110110011101010001000011001110001001110000110101111110001100110000110001100101
11000101011100000001011110100000011101000101100011111011000000111011101011000101011010010010111010001110100110001010100001011000
01110011010101110100010101111111101010110101000011100011100110010101001000000101100111011000100111000011100110100010101100011011
10011101000101001011101111011111010110011110100111100010101000011001010010100000110101101000000001001001100001111001011100000011
01011010101011001001001001011110010100001111001100001110011101011101000001000111001110110011011110111001110110111000001001110101
11110101101010011110001010110101101001010101001001001100110110011000110001110110110110000000111001111001010001110010000111100011
00010100011001110000111000110000111011011100111110101111111010110100000011110111101010101101011000100010000110101101001111010001
00100100000000011111011110000000000111000011111100000100100001001001111110101010010010101101101101110010010010010101101001010010
00100000111100010011001110001001010101111000101011100101010111001110000101011011110000110101001011000010110001110010001110010100
